              precision    recall  f1-score   support

           0       0.95      0.95      0.95       172
           1       0.94      0.97      0.95        65
           2       0.89      0.75      0.81        32
           3       0.92      0.88      0.90        26
           4       0.96      1.00      0.98        23
           5       0.78      1.00      0.88        21
           6       0.94      0.85      0.89        20
           7       0.92      0.92      0.92        12
           8       0.78      0.64      0.70        11
           9       1.00      1.00      1.00         8
          10       0.80      0.67      0.73         6
          11       1.00      1.00      1.00         5
          12       1.00      1.00      1.00         2
          13       0.33      1.00      0.50         1

    accuracy                           0.92       404
   macro avg       0.87      0.90      0.87       404
weighted avg       0.92      0.92      0.92       404
