              precision    recall  f1-score   support

           0       0.94      0.95      0.95       172
           1       0.91      0.95      0.93        65
           2       0.86      0.78      0.82        32
           3       0.96      0.92      0.94        26
           4       0.96      0.96      0.96        23
           5       0.84      1.00      0.91        21
           6       0.94      0.85      0.89        20
           7       1.00      0.92      0.96        12
           8       0.88      0.64      0.74        11
           9       0.89      1.00      0.94         8
          10       0.80      0.67      0.73         6
          11       1.00      1.00      1.00         5
          12       1.00      1.00      1.00         2
          13       0.50      1.00      0.67         1

    accuracy                           0.92       404
   macro avg       0.89      0.90      0.89       404
weighted avg       0.92      0.92      0.92       404
