              precision    recall  f1-score   support

           0       0.97      0.97      0.97       172
           1       0.93      0.97      0.95        65
           2       0.90      0.81      0.85        32
           3       0.96      0.96      0.96        26
           4       0.96      0.96      0.96        23
           5       0.83      0.90      0.86        21
           6       0.94      0.85      0.89        20
           7       0.86      1.00      0.92        12
           8       0.82      0.82      0.82        11
           9       1.00      1.00      1.00         8
          10       1.00      0.67      0.80         6
          11       1.00      1.00      1.00         5
          12       1.00      0.50      0.67         2
          13       0.33      1.00      0.50         1

    accuracy                           0.94       404
   macro avg       0.89      0.89      0.87       404
weighted avg       0.94      0.94      0.94       404
