              precision    recall  f1-score   support

           0       0.93      0.96      0.95       172
           1       0.94      0.94      0.94        65
           2       0.85      0.72      0.78        32
           3       0.96      0.88      0.92        26
           4       0.96      1.00      0.98        23
           5       0.73      0.90      0.81        21
           6       0.85      0.85      0.85        20
           7       1.00      1.00      1.00        12
           8       1.00      0.55      0.71        11
           9       0.78      0.88      0.82         8
          10       0.75      0.50      0.60         6
          11       1.00      1.00      1.00         5
          12       1.00      1.00      1.00         2
          13       0.33      1.00      0.50         1

    accuracy                           0.91       404
   macro avg       0.86      0.87      0.85       404
weighted avg       0.91      0.91      0.91       404
