              precision    recall  f1-score   support

           0     0.8728    0.8779    0.8754       172
           1     0.9167    0.8800    0.8980        75
           2     0.7436    0.6905    0.7160        42
           3     0.8571    0.8333    0.8451        36
           4     0.9375    0.9091    0.9231        33
           5     0.8182    0.8710    0.8438        31
           6     0.8125    0.8667    0.8387        30
           7     0.8400    0.9545    0.8936        22
           8     0.7778    0.6667    0.7179        21
           9     0.8500    0.9444    0.8947        18
          10     0.8000    0.7500    0.7742        16
          11     0.8235    0.9333    0.8750        15
          12     0.9231    1.0000    0.9600        12
          13     0.5000    0.4545    0.4762        11

    accuracy                         0.8502       534
   macro avg     0.8195    0.8309    0.8237       534
weighted avg     0.8492    0.8502    0.8489       534
