              precision    recall  f1-score   support

           0     0.9156    0.8198    0.8650       172
           1     0.8961    0.9200    0.9079        75
           2     0.6154    0.7619    0.6809        42
           3     0.6304    0.8056    0.7073        36
           4     0.8824    0.9091    0.8955        33
           5     0.8125    0.8387    0.8254        31
           6     0.8889    0.8000    0.8421        30
           7     0.8800    1.0000    0.9362        22
           8     0.7200    0.8571    0.7826        21
           9     0.8889    0.8889    0.8889        18
          10     0.8750    0.8750    0.8750        16
          11     0.7143    0.3333    0.4545        15
          12     1.0000    1.0000    1.0000        12
          13     0.6667    0.5455    0.6000        11

    accuracy                         0.8315       534
   macro avg     0.8133    0.8111    0.8044       534
weighted avg     0.8403    0.8315    0.8311       534
