Accuracy: 0.7734082397003745
Classification Report:
              precision    recall  f1-score   support

           0       0.85      0.84      0.85       172
           1       0.73      0.89      0.80        75
           2       0.80      0.48      0.60        42
           3       0.79      0.61      0.69        36
           4       0.93      0.85      0.89        33
           5       0.43      0.97      0.59        31
           6       0.90      0.63      0.75        30
           7       0.89      0.73      0.80        22
           8       0.92      0.57      0.71        21
           9       0.87      0.72      0.79        18
          10       0.92      0.75      0.83        16
          11       0.81      0.87      0.84        15
          12       1.00      0.92      0.96        12
          13       0.45      0.45      0.45        11

    accuracy                           0.77       534
   macro avg       0.81      0.73      0.75       534
weighted avg       0.81      0.77      0.78       534


Confusion Matrix:
[[145   7   2   3   0   8   1   1   1   0   0   0   0   4]
 [  4  67   0   0   1   2   0   1   0   0   0   0   0   0]
 [ 10   2  20   3   1   3   0   0   0   1   0   1   0   1]
 [  4   3   2  22   0   5   0   0   0   0   0   0   0   0]
 [  0   3   1   0  28   1   0   0   0   0   0   0   0   0]
 [  0   1   0   0   0  30   0   0   0   0   0   0   0   0]
 [  0   3   0   0   0   7  19   0   0   0   1   0   0   0]
 [  0   3   0   0   0   3   0  16   0   0   0   0   0   0]
 [  2   2   0   0   0   5   0   0  12   0   0   0   0   0]
 [  0   1   0   0   0   2   0   0   0  13   0   1   0   1]
 [  1   0   0   0   0   2   1   0   0   0  12   0   0   0]
 [  1   0   0   0   0   1   0   0   0   0   0  13   0   0]
 [  0   0   0   0   0   1   0   0   0   0   0   0  11   0]
 [  4   0   0   0   0   0   0   0   0   1   0   1   0   5]]