              precision    recall  f1-score   support

           0       0.84      0.88      0.86       172
           1       0.84      0.88      0.86        75
           2       0.76      0.67      0.71        42
           3       0.82      0.64      0.72        36
           4       0.91      0.91      0.91        33
           5       0.72      0.90      0.80        31
           6       0.88      0.73      0.80        30
           7       1.00      0.95      0.98        22
           8       0.84      0.76      0.80        21
           9       0.89      0.94      0.92        18
          10       0.86      0.75      0.80        16
          11       0.74      0.93      0.82        15
          12       1.00      1.00      1.00        12
          13       0.56      0.45      0.50        11

    accuracy                           0.83       534
   macro avg       0.83      0.81      0.82       534
weighted avg       0.83      0.83      0.83       534
