              precision    recall  f1-score   support

           0       0.90      0.87      0.88       172
           1       0.87      0.91      0.89        75
           2       0.74      0.69      0.72        42
           3       0.82      0.86      0.84        36
           4       0.90      0.85      0.88        33
           5       0.68      0.90      0.78        31
           6       0.83      0.67      0.74        30
           7       0.81      1.00      0.90        22
           8       0.85      0.81      0.83        21
           9       0.79      0.83      0.81        18
          10       0.79      0.69      0.73        16
          11       0.93      0.93      0.93        15
          12       1.00      1.00      1.00        12
          13       0.55      0.55      0.55        11

    accuracy                           0.84       534
   macro avg       0.82      0.83      0.82       534
weighted avg       0.85      0.84      0.84       534
