PMID
10025430
10026387
10080554
10090451
10149809
10174515
10181464
10207284
10211470
10230138
10282259
10318183
10321670
10410848
10429004
10431565
10470554
10481774
10490713
10494054
10494527
10511388
10514764
10527059
1052765
10529515
10541600
10562114
10605924
10652033
10663517
1067610
10678495
10682951
10708274
10725856
10745181
10749516
10753687
10762371
10767747
10771926
10796586
10813008
10826351
10829805
10847312
10858008
10883547
10937606
10954284
10965273
10979267
10997853
11018077
11025624
11030068
11030483
11030806
11035402
11043148
11059671
11063257
1107116
11077858
1108163
11115331
11122949
11149287
11153807
1115632
11157120
11172874
11172943
11190862
11199812
11206029
11214683
11222467
1122897
11242936
11276037
11279969
11318884
11320278
11324179
11328240
11337212
11360389
11367967
11379844
11385005
11390547
11393460
11394191
11407964
11429087
11482695
11482700
11487209
11494030
11510567
11514259
11523839
11552726
11561043
11563798
11571062
11572527
11580007
11593032
11596825
11680565
11697523
11725215
11738662
11739071
11770244
11771945
11775071
11781147
11781860
11790910
11829008
11844891
11891506
11904752
11905606
11909745
11919447
11965850
11978162
12014493
12027574
12045804
12047012
12072827
12126226
12133068
12182271
12201612
12206066
12207853
12208012
12243487
12244316
12364843
12377401
12395691
12422062
12455923
12468970
12472824
12489625
1249391
12511771
12544180
12556356
12570354
1258443
12590367
12611755
12614343
12624948
12645093
12649763
12666465
12679234
12679596
12680793
12697002
12707046
1274703
12748896
12759259
12764287
12789673
12799786
12815734
12817549
12830400
1283445
12854756
12856230
12905582
12917950
12941437
1297235
1308085
13129593
1327351
13286422
1351342
1358438
1359657
1361041
13680082
1392550
1396427
1401120
1424704
1444769
14529362
14572619
14572957
14604504
14605324
14628940
14655759
14673555
14684974
14689176
14704590
14710468
14710666
14711492
14713669
14715977
14733081
14733976
1474886
14757298
1480765
1484762
14872042
15002343
15010995
1502879
15029839
15046470
15051899
15055442
15065953
1506887
15072179
15094628
15096530
1510872
15115064
15118119
15152788
15169706
15175528
15184922
15185269
15199474
15206562
15217203
15221931
1523976
15249310
15252287
15253110
15271618
15291713
15292181
15310634
15317469
15319703
15323592
15334696
15344922
15351342
15362719
15365721
15369417
15370733
15375100
15465624
15476533
15481783
15490343
15495099
15495104
15538265
15544577
15554773
15555724
15580211
15580376
15582836
15606908
15608095
15617602
15642876
1564480
15673232
15680341
15689333
15707276
15731966
15775874
15787692
15797878
15807099
1581789
15820354
15851920
15853502
15907750
15908183
15926646
15935199
15956992
15957200
15957677
15961528
15970229
15985078
16000159
16001444
16020051
16038683
16043811
16044216
16086036
16096861
16116613
16123542
16146330
1617266
16177597
16186198
16190917
16195185
16199141
16218121
1622299
16226047
16236167
16244563
16249006
16249421
16260706
16267375
16268859
16276559
16279315
16292173
16298239
16310393
16311156
16312938
16318827
16319418
16322902
16332401
16333492
16353756
16389739
16401163
16401854
16409439
16413666
1643394
16444349
16453249
16473330
16473743
16476809
1649899
16501219
16519569
1652390
16524173
16537997
16546355
16553564
16595989
16603460
16616844
16622090
16641864
16650719
16676776
16678804
16690997
16696567
16700849
16728716
16737451
16756227
16767098
16807870
16850255
16857575
16865545
1687857
16894184
1691458
16928182
16955437
16958574
169687
16988561
17011126
17011205
17018553
17054228
17064420
17087813
17145000
17190139
17195699
1720637
17207127
17241214
17244569
17254426
17284616
17287644
17290208
17299744
17328255
17348571
1734865
17364777
17415533
17420689
17435928
17441009
17459424
17467389
17469116
17510507
17516492
17524565
17536602
17563899
17565028
17568334
17574010
17581446
17602753
17607639
17616843
17621379
17629782
17630257
17646811
17678496
17698712
17714459
17714521
1775089
17762736
17765746
17766726
1780420
17825077
17876387
17880018
17883529
17917563
17918531
17923388
17940342
17959504
17962081
17967187
17979960
17996378
18007122
18008327
1801572
18021928
18040277
18042234
1806624
18066467
18075929
18084001
18084303
1810228
18162015
18165968
18173983
18182769
18188138
18194524
181996
18200440
18227418
18229504
18235974
18245703
18256970
18258339
18262763
18272230
18297419
18299151
18312448
18314446
18317780
18338212
18339093
18346734
18367428
18375019
18379746
1838124
18383533
18392746
18395759
18439548
18459450
18462109
18470841
18477160
18479471
18479840
18488127
18491223
18501411
18514148
18519870
18525286
18540779
18558863
18568787
18579121
18580596
18585789
18586813
18606868
18634851
18664057
18674396
18703815
18712059
18760507
18776066
18777227
18787971
18797365
18802664
18810322
18812492
1882722
18827269
18832427
18832663
18839471
18925978
18930560
18952610
18955726
18978724
18982754
18983627
18987207
18991888
18998206
19024720
19026268
19060588
19074541
1910699
1913372
19133888
19146787
19155230
19155310
19176415
19194374
19198615
19200949
19219502
19222703
19225366
19250803
19261230
19284431
19308881
19342103
19353731
19389420
19394958
19397425
19404652
19416336
19419286
19427648
19432386
19435588
19445364
19450294
19455483
19469685
19479161
19482236
19491314
19521645
19542569
19544314
19558254
19561526
19586598
19592446
19630956
19644348
19653970
19654584
1965796
19666100
19672228
19682673
19685813
1968717
19701582
19716662
19728219
1973218
19734013
19768366
19781222
19782001
19782718
19812460
19836928
19883199
19884429
19890074
19892408
19892579
19896309
19901175
19911113
19937250
19961324
19996754
20012471
20031091
20041474
20052730
20058555
20070414
20074673
20077474
20097263
20159133
2018095
20211639
20214136
20300735
20305306
20309621
20346443
20353432
20362421
20367921
20369271
20377428
20377818
20394775
20404708
20408063
20414945
20419981
20427549
20430438
20430517
20433479
20451518
20453261
20460143
20461011
2047094
20486703
20488196
20513660
20537122
20550745
20550947
20562639
20562790
20565924
20573052
20593994
20595698
20598917
20608001
20625692
20629611
20640503
20648652
20650601
20714809
20722820
20736152
20800153
20801087
20821338
20831935
20845405
20860567
20921568
20952140
20955329
20955603
20969897
20971934
20979638
21046068
21055392
21084213
21099718
21107143
21110803
21110824
21112701
21114367
21118068
2115207
21152964
21156345
21157165
21157690
21159055
21171140
21171977
21172569
21174521
21180303
21185742
2121003
21211501
21220675
21232055
21250798
21255795
2125805
21280167
21286730
21294942
21295000
21302192
21303234
2131598
21316352
21320253
21356158
21375489
21387692
21396684
21410485
21412213
21450262
21458972
21479721
2148665
21497911
21506146
21510828
21523606
2153897
21550668
21561555
21574124
21602685
21606375
21613789
21655804
21668435
21669013
21682663
21699889
21702733
21707860
21707862
21713391
21714358
2173558
21735854
21741993
21764233
21768730
21796107
21801595
21801983
21818675
21820139
21824113
21831324
21840342
21851183
21860044
2186274
21870315
21873835
21876255
21876345
21885540
21902053
21915483
21921084
21922877
21951913
21954106
21978081
2202982
22040605
22051176
22082429
22086360
22094386
22108402
22120256
22120272
22126898
22133242
22163278
22173147
22182460
22185053
22222543
22233368
22241258
22250194
22261988
22303490
22309074
22341210
22363216
22369669
22377864
22384223
22399019
22421185
22428580
22440072
22470806
22475083
22498119
22499405
22500309
22560407
22564982
22590800
2260555
22608804
22618302
22626708
22627142
22638859
22652424
22672573
22673142
22677621
22680244
22706417
22713426
22720308
22729092
22733427
22745378
22757585
22778851
22810096
22820582
2282616
22827594
22843258
22843695
22851280
22858262
22861194
22880116
22889137
22898296
22907187
22909445
22910836
22913619
22926093
22939118
22954836
22956694
22963908
22978465
22990044
23010135
23011423
23022091
23027099
2303571
23037610
23040741
23063133
23087000
23092750
23094836
23095594
23121308
23133906
23149030
23157096
23171149
23171473
23176747
23199418
23227749
23240849
23242090
23262119
23265360
23266819
23266997
23270420
23274290
23274740
23286548
23287986
23301031
23312396
23318473
23326943
23336815
23337006
23352684
2338549
23386689
23393933
23398776
23399896
23447589
23461676
2347831
23514079
23520058
23520737
23524624
23545424
23562430
23568168
23583327
23594430
23608123
23609463
23629739
23635966
23659448
2366164
23665943
23697094
23733091
23747017
23768683
23768781
23771672
23788398
23791711
23795314
23811310
23831959
23834377
23880590
2388643
23888326
23891765
23909246
23924461
23926278
23939879
23940694
23943341
2397086
23972829
23974083
23985232
23996345
24009395
24021522
24025111
24032437
24041177
24047427
24048081
24055711
24059061
24072057
24080672
24101041
24105649
24120329
24145687
24152628
2417812
24195899
2420691
2421958
24225435
24234352
24238645
24243441
24254639
24323428
24355148
24406251
2441955
24423792
24439647
24444827
24463232
24467683
24491606
24497025
24506877
24512596
24517058
24524869
24526470
24576675
24585205
24589148
24606100
2461673
24619358
24625714
24628249
24656518
24660674
24673616
24697248
24714669
24719222
24727717
24737903
24746530
24753136
24828314
24831083
24837743
24886495
24892819
24893798
24914335
2491752
24969686
24984052
2500373
25031221
25053122
2505515
25062314
25069902
25080285
25084209
25093383
25115318
25117843
2513079
25149026
2517493
25179215
25182407
25189791
25195920
25200842
25226962
25237937
25248342
25273029
25288671
25305754
25310970
25330102
25351111
25359445
25364240
25365615
25367666
25380591
25386957
25402009
25403567
25403926
25413246
2542370
25431430
25444413
25447740
25460260
25486177
25496414
25502049
25512674
25540200
25544506
25547329
25548266
25553744
25564105
25579380
25600553
25622273
2562495
25637797
25649308
25651393
25660618
25666180
25675779
25690086
25710916
25714521
25731774
25740785
25754495
25774662
25804195
25804581
25807477
25819700
25825021
25833032
25837613
25856530
25857177
25867960
25868142
25892508
25907842
25920574
25929206
25947039
25956897
25960208
25971300
2597315
25975166
25978940
26000815
26022165
26062911
26085639
26106544
26118726
26166654
26169474
26171666
26179932
26190166
26201
26223187
2625165
26260352
26274986
26281485
26301526
26306891
26307942
26321021
26340346
26343494
2634817
26353171
26361065
26362046
26362259
2638041
26388120
26396498
26404041
26419196
26419846
26431806
26450593
26460571
26463925
26465711
2646684
26474662
26474818
26513639
26516889
26520066
26536212
26539989
2656780
26577292
26598289
26615717
26632404
26645798
2664852
26683601
26704255
26714784
26717645
26732957
26733600
26738967
26747211
26757674
26759439
26786546
26790566
26827641
26835857
26847429
26852943
26867166
26876488
26881859
26890312
26904930
26940435
2694530
26975614
26997193
27030558
27035548
27040285
27062417
27070004
2708041
27081159
2709930
27138817
27143117
27158936
27180681
27180692
27184287
27191407
27244063
27264140
27309964
27311246
27314344
27314365
27326858
27334310
27343888
27349722
27356602
27384340
27396907
27405098
2742319
2743031
27440364
27447727
2744979
27459437
27461663
27465265
27468663
27469020
27469219
27470171
27477332
27480581
27485458
27488293
27491293
27503465
27520275
27527755
27534431
2755582
27594651
2759575
27596026
27601477
27618799
2762450
27628239
27638306
2764645
27669997
2767920
2768094
27692730
27720992
27726249
27737869
27768761
27777378
27781424
27785533
27789149
27812760
27838936
2787484
27896769
27899143
2791758
27929658
27935389
27973536
27978785
27981399
27983922
28031406
28033389
2803826
28044452
28056358
28062343
28063795
28089985
28091879
28097788
28103414
28105588
28118304
28124452
28128654
28131932
28142397
28153456
28157380
28167648
2817001
28179806
28214813
28224345
28230791
28231822
28248914
28257128
28274150
28317947
28319054
28333604
28339400
28341420
28350947
28362884
28368413
28368495
28382615
28387153
28395002
28397967
28403387
2840539
28410288
28419491
28427029
28428190
28440192
28447919
28457587
2847077
28481536
28527373
28528196
28552947
28566233
28576629
28594056
28619309
28621030
28627925
28632582
28637414
28645717
28665331
28683750
28684367
28687401
28690033
28691134
28693402
28698926
28700589
28701075
28707407
28710845
28728096
28735440
28738261
28744775
28753768
28760387
28764897
28765170
28783147
28784338
28797850
28805576
28805936
28817491
28832188
28833532
28834788
28836826
28845537
2884555
28847041
28849573
2885895
28867587
28914559
28918118
28927961
28928448
28939429
28940342
28951181
28954634
2901077
29030455
29039020
29040911
29046039
29052307
29063964
29067401
29074330
29076783
2908897
29089221
2909676
29101712
29105546
29107460
29121513
29126277
29138078
29155708
29160120
2916270
29172241
29192863
29198280
2921862
29228370
29228382
29233751
29236921
29249505
29279071
29288994
29299775
29303779
29315460
29326139
29349727
29362445
2937241
29380072
29390414
2940377
29405145
29408857
29415676
29429985
29436695
29439368
29450726
29450838
29450954
29452320
29462105
2946351
29468574
29474382
29474507
29501684
29512783
29518790
29531139
29541946
29554099
2956306
29580855
29608880
29609110
29614295
29616753
29648976
29658993
29665714
29672559
29676814
29699515
29713894
2972165
29725038
29730874
29735110
29737196
29759891
29768955
29777529
29790072
29790427
29792052
29802210
2980517
29860473
29879331
29883458
29883694
2991303
29915258
29916012
29948073
29969470
30015789
30029063
30033623
30035586
30049327
30056418
30059725
30059733
30071830
30079883
30094499
30094777
30108144
30119850
30160814
30181106
30181120
30205256
30216654
30232364
30270144
30282491
30290751
30291873
30303262
30304477
30322756
3032641
30327142
30328961
30336106
30337626
30342963
30367763
30406914
30423818
30428150
30460747
30462117
30468246
30481631
3049282
30539767
30544301
30550449
30552780
30563837
30575702
30597295
3060558
30611915
30625491
30630956
30644541
30658131
30661251
30665458
30677716
30691779
3069749
30700595
30732635
30760172
30766591
30796921
30806143
3081622
30831339
30842305
30843423
30846275
30848979
30852930
30864466
30868468
30870669
30875614
3087662
30893594
30898445
30898580
30900693
30902528
30902870
30903400
30931632
30934083
30938893
30943885
30950321
30952413
30953408
3095713
30999031
31008977
31012856
31023125
3104080
31054222
31067304
31075361
31075661
31076822
31109380
31118320
31124959
31132877
31155341
31155874
31162763
31177578
31190121
3119161
31196824
31207861
31230602
31243575
31243911
31246379
31264559
31272300
31276598
31302820
31308197
31317281
31330239
31337404
3137593
31387390
31403948
31404565
31408379
31409401
31414355
31434803
31443692
31446316
31460569
31471958
3147318
31478214
31492131
31506009
31507272
31524960
31525612
31563227
31564448
31570200
31578808
31615771
31648430
31667735
31685922
31705515
31706919
31707936
31715440
31723241
31730793
31738162
31747776
31752082
31758600
31778847
3183784
31852295
31875461
31884895
3189332
31911024
31912571
31926295
31944580
31945584
31951767
31953910
31985496
32000208
32012170
32015467
32045917
32047067
3205385
3206055
32068975
32071126
32072183
32086598
32093571
32100127
32103506
32132100
32134887
32141863
32147509
32149692
32183776
32198120
32213570
32248740
3226364
32279420
32282552
32299778
32306272
32317025
32336292
32360155
32374299
3239304
32415032
32421592
32421607
32434024
32441129
32446556
32459431
32487276
32487722
32503353
32507685
32514154
32530426
32541457
32542379
32552074
32563266
32594193
32594495
32598273
32611470
32613525
32623545
32623925
32640083
32642948
32664104
32665027
32668441
32673225
3268267
32701419
32710291
32716818
32721633
32723375
32744524
32750380
32759986
32767873
32794657
32797987
32799337
32801199
32810378
32818528
32823839
32830465
3283314
32847413
32858312
32885414
32892962
3290703
32918104
32929643
32938453
32940823
32955635
32967293
32976722
33011431
33027183
33034830
33054545
3306750
33076949
33115369
33123596
33130675
33138923
33139210
33154348
33164945
33172325
33180841
33190975
33211254
33221715
33228586
33243690
33273050
33278568
33285701
33289311
33297991
33319488
33326573
33341816
33351671
33389151
33393402
33398531
33407388
33421355
33428336
3346686
3346695
33468172
33479201
33484326
33497988
33498908
3351891
33522046
33527885
33541127
33559755
33598364
33604879
33619823
33646155
33667828
33689290
33689536
33691710
33730906
33731766
33736678
33762687
33764656
33765634
33771822
33772349
33779331
33789074
33829643
3383095
33837088
33846423
33860704
33863723
33866227
33895270
33922322
33935083
33937180
33937974
33947273
33951249
33959771
339705
34006885
34017692
34023301
34043593
34048402
34050644
34057668
3406244
34077429
34106144
34120128
34127752
34131185
34134000
3413450
34144146
34151886
34175409
34180761
34182963
3418380
34193113
34207317
3421352
34230446
34250608
3426206
34273570
34282017
34287960
34289965
34291600
34307083
34308901
34309908
34312771
34347327
34360586
34362322
34374162
34389509
34445158
34460886
34477852
34484327
34486740
34500626
34523706
34526055
34549339
34569865
34622713
34623200
34665205
34670025
34684587
34708477
34726298
34766639
34769501
3476958
34775687
3478668
34787377
34793748
3480684
34840694
34852344
34863428
34871380
34889516
3489133
3489155
34894769
34896334
34915734
34939171
34939863
34989158
34991042
3502447
35036927
35041849
35049207
35076903
35083609
35085001
35090475
35104353
35114781
35124278
35125193
35149900
35152856
35154618
35164524
35180229
35183618
35193083
3521373
3522814
35229257
35241041
35266213
35274469
35288616
35288967
35320762
35322402
35332187
35337924
35379038
35403880
35410629
35411967
35421825
35428862
35439116
35446941
35457070
35457347
35460870
35466396
35478467
35501379
35511103
35547565
35578869
35579989
35598655
35599484
35617623
3562743
35627807
35630563
35642994
3565056
35653914
35670991
35674982
35690493
35714700
35726540
35733405
3575577
35757429
35759349
35771851
35793342
35839930
35867484
35871348
35879665
35922871
35941828
35946705
35948447
35955753
35962220
35968702
36033765
36036496
36063627
36067424
36078361
3608285
36085340
36097997
3610529
36114949
36146383
36148759
36151446
36152383
36154448
3617108
36173036
36189588
36197214
36203173
36203746
36206819
36208095
3625187
36314672
36327898
36370926
36377657
36382345
36396270
36399268
36423207
36443882
36451226
36472596
36473277
36482852
36563534
36601776
36632763
36634569
36646411
36647082
36669291
36724557
36738082
36744350
3674795
36789825
36804978
36810252
3681758
36841074
36852436
36889489
36897426
3690109
36916904
36924042
36976794
3699998
37016564
37037287
37041092
37042595
37060000
370863
37096339
3710651
3711875
37132490
37154884
37160798
37174709
37178103
37195665
37199161
37208415
37211337
37221573
37231689
37248910
37271132
37271291
37287318
37287360
37294375
37308987
37326915
37336053
37339206
37369805
37383232
37414586
37428312
37432983
37454780
37459647
37465679
37473624
37474017
3748456
37495977
37550718
37564014
37578236
37590406
37591412
37633155
37660045
37669383
37749080
37767072
37783096
37794830
37840138
37860852
37900065
37905374
37918702
37979175
38029664
38037683
38073394
38092268
38122903
38173220
3828153
38343329
38378836
38393915
3839911
38538761
38613791
3861564
3865248
3876688
3927342
3962762
3962925
401921
4045700
4053968
4075172
412203
418755
423003
4542033
503829
539570
6102691
6106665
6126130
6135252
6141275
6206962
6224838
623507
6262150
6287578
6290544
6312596
6315428
6324347
6332427
6380301
6381472
6394993
6406929
6413048
6443185
6444793
6472419
6475578
6494344
6496791
651358
6524198
6541614
6619955
6625984
663158
6734429
6750570
6765473
6777876
6779335
6780021
6789348
6799631
6799932
6812391
6820479
6859103
6888715
6891758
6972995
6986939
7002247
7047581
7049032
7049116
7064906
7117826
7137085
7139208
715658
7193787
7200181
721341
7221784
724830
7250389
7262510
7280810
7302823
7305695
7310499
7343274
7371550
7401856
740190
7467939
7470882
7482011
7494943
7512580
7526192
7531668
755870
7563640
7565833
7591356
7599368
7625228
7670439
7684468
7694167
7732774
7737621
7771669
7775177
7802126
7803117
7813676
7833423
7850330
7851621
7862761
7862905
7886266
7892356
7914045
7945010
7948339
7954759
7957408
7964992
7981153
7999347
8011818
8020765
8026947
8038960
8044533
8080351
8084630
8086734
8091756
8102036
8129058
8151000
8158204
8170770
8195645
8197410
8237691
8240570
8245323
825883
8264869
8272522
8285088
8288140
8291133
8297640
8303890
8324410
8332920
8345657
8347179
8361572
8387729
8409195
8422739
8428898
8467289
8483066
8483522
8483863
8488222
8497646
8510058
8544909
8546018
8546853
8558175
8561201
8584809
8594167
8634037
8637946
8669927
8674522
8687254
8689350
8707516
8726540
8727138
8733222
8749833
8749893
8764376
8773796
8781644
8788082
8800803
8825886
8827171
8851768
8884593
8885582
8894956
8895943
8933611
8969775
8970655
8976505
8988463
8997418
9029654
9042570
9101055
9109029
9109103
9119144
9126189
9130303
9137720
9141543
9157753
918829
9193127
9203698
9240741
9255596
9260992
9267730
9268809
9268814
9292187
9295055
9297608
9309469
9339867
9340421
9372735
9380064
9390696
9396307
9409103
9409870
9426989
9454354
9460801
9482185
9490907
9514295
9514820
9520072
9560069
9578881
9588530
960155
9611541
9627929
9630769
9659001
9659849
9666878
9676841
9733408
9745353
9751440
9762379
9782544
9834565
9858018
9863928
9865667
9874554
9881546
9919465