              precision    recall  f1-score   support

           0       0.87      0.88      0.88       172
           1       0.80      0.86      0.83        65
           2       0.76      0.69      0.72        32
           3       0.83      0.77      0.80        26
           4       0.95      0.91      0.93        23
           5       0.67      0.76      0.71        21
           6       0.76      0.80      0.78        20
           7       0.92      1.00      0.96        12
           8       0.71      0.45      0.56        11
           9       0.80      1.00      0.89         8
          10       0.50      0.33      0.40         6
          11       1.00      1.00      1.00         5
          12       0.00      0.00      0.00         2
          13       0.00      0.00      0.00         1

    accuracy                           0.83       404
   macro avg       0.68      0.68      0.68       404
weighted avg       0.82      0.83      0.82       404
