              precision    recall  f1-score   support

           0       0.84      0.91      0.87       172
           1       0.90      0.82      0.85        65
           2       0.72      0.72      0.72        32
           3       0.86      0.69      0.77        26
           4       0.96      1.00      0.98        23
           5       0.63      0.90      0.75        21
           6       0.80      0.80      0.80        20
           7       0.80      1.00      0.89        12
           8       0.67      0.18      0.29        11
           9       0.80      1.00      0.89         8
          10       0.00      0.00      0.00         6
          11       1.00      0.60      0.75         5
          12       0.00      0.00      0.00         2
          13       0.00      0.00      0.00         1

    accuracy                           0.83       404
   macro avg       0.64      0.62      0.61       404
weighted avg       0.81      0.83      0.81       404
