              precision    recall  f1-score   support

           0       0.86      0.91      0.88       172
           1       0.82      0.91      0.86        65
           2       0.90      0.56      0.69        32
           3       0.87      0.77      0.82        26
           4       0.96      1.00      0.98        23
           5       0.70      0.76      0.73        21
           6       0.71      0.85      0.77        20
           7       0.92      1.00      0.96        12
           8       0.62      0.45      0.53        11
           9       0.80      1.00      0.89         8
          10       1.00      0.17      0.29         6
          11       1.00      1.00      1.00         5
          12       0.00      0.00      0.00         2
          13       0.00      0.00      0.00         1

    accuracy                           0.84       404
   macro avg       0.73      0.67      0.67       404
weighted avg       0.84      0.84      0.83       404
