              precision    recall  f1-score   support

           0       0.89      0.89      0.89       172
           1       0.79      0.88      0.83        65
           2       0.74      0.62      0.68        32
           3       0.87      0.77      0.82        26
           4       0.91      0.91      0.91        23
           5       0.67      0.86      0.75        21
           6       0.78      0.70      0.74        20
           7       0.80      1.00      0.89        12
           8       0.60      0.55      0.57        11
           9       0.89      1.00      0.94         8
          10       1.00      0.33      0.50         6
          11       0.83      1.00      0.91         5
          12       1.00      0.50      0.67         2
          13       0.00      0.00      0.00         1

    accuracy                           0.83       404
   macro avg       0.77      0.71      0.72       404
weighted avg       0.84      0.83      0.83       404
